20110101 0.000000
20110102 0.000000
20110103 4.026250
20110104 3.940000
20110105 4.049400
20110106 3.940650
20110107 3.860650
20110108 0.000000
20110109 0.000000
20110110 3.833150
20110111 3.793150
20110112 3.868150
20110113 3.906900
20110114 3.869400
20110115 0.000000
20110116 0.000000
20110117 3.866900
20110118 3.966900
20110119 3.993150
20110120 4.011900
20110121 4.123750
20110122 0.000000
20110123 4.123150
20110124 4.179400
20110125 4.194400
20110126 4.284400
20110127 4.235650
20110128 4.123150
20110129 0.000000
20110130 0.000000
20110131 4.193150
20110201 4.176900
20110202 4.314400
20110203 4.291900
20110204 4.272500
20110205 0.000000
20110206 0.000000
20110207 4.294400
20110208 4.369400
20110209 4.441250
20110210 4.306900
20110211 4.338150
20110212 0.000000
20110213 0.000000
20110214 4.361900
20110215 4.201250
20110216 4.186900
20110217 4.417500
20110218 4.281900
20110219 0.000000
20110220 0.000000
20110221 0.000000
20110222 3.981900
20110223 3.985650
20110224 3.905650
20110225 4.068150
20110226 0.000000
20110227 0.000000
20110228 4.081900
20110301 4.054400
20110302 4.056900
20110303 4.116900
20110304 4.163150
20110305 0.000000
20110306 0.000000
20110307 3.999400
20110308 3.906250
20110309 3.796900
20110310 3.697500
20110311 3.586900
20110312 0.000000
20110313 3.565650
20110314 3.610650
20110315 3.403750
20110316 3.358150
20110317 3.576900
20110318 3.624400
20110319 0.000000
20110320 3.694400
20110321 3.593150
20110322 3.626250
20110323 3.567500
20110324 3.711900
20110325 3.673750
20110326 0.000000
20110327 3.698150
20110328 3.615650
20110329 3.694400
20110330 3.634400
20110331 3.795650
20110401 3.801900
20110402 0.000000
20110403 3.832500
20110404 3.947500
20110405 3.923150
20110406 3.892500
20110407 3.874400
20110408 3.996900
20110409 0.000000
20110410 4.035000
20110411 4.000650
20110412 3.788150
20110413 3.796250
20110414 3.727500
20110415 3.722500
20110416 0.000000
20110417 3.913150
20110418 4.075650
20110419 4.124400
20110420 4.119400
20110421 4.169400
20110422 4.171250
20110423 0.000000
20110424 4.246900
20110425 4.309400
20110426 4.254400
20110427 4.095650
20110428 3.850000
20110429 4.020650
20110430 0.000000
20110501 4.005000
20110502 3.978150
20110503 3.964400
20110504 3.861250
20110505 3.766900
20110506 3.769400
20110507 0.000000
20110508 3.867500
20110509 3.962500
20110510 3.999400
20110511 3.797500
20110512 3.692500
20110513 3.645650
20110514 0.000000
20110515 3.694400
20110516 3.680650
20110517 3.856900
20110518 4.093750
20110519 4.043150
20110520 4.033150
20110521 0.000000
20110522 4.100650
20110523 3.988750
20110524 3.938750
20110525 4.014400
20110526 4.094400
20110527 4.103150
20110528 0.000000
20110529 0.000000
20110530 3.963750
20110531 3.935650
20110601 3.807500
20110602 3.862500
20110603 3.864400
20110604 0.000000
20110605 3.876250
20110606 3.730000
20110607 3.706900
20110608 3.759400
20110609 3.740650
20110610 3.799400
20110611 0.000000
20110612 3.832500
20110613 3.733150
20110614 3.659400
20110615 3.556900
20110616 3.354400
20110617 3.359400
20110618 0.000000
20110619 3.370000
20110620 3.292500
20110621 3.386250
20110622 3.184400
20110623 3.228750
20110624 3.158150
20110625 0.000000
20110626 3.265000
20110627 3.288150
20110628 3.403750
20110629 3.375000
20110630 3.001900
20110701 3.058150
20110702 0.000000
20110703 0.000000
20110704 3.128150
20110705 3.176250
20110706 3.120650
20110707 3.176250
20110708 3.250000
20110709 0.000000
20110710 3.236900
20110711 3.190650
20110712 3.337500
20110713 3.580000
20110714 3.539400
20110715 3.476900
20110716 0.000000
20110717 3.406900
20110718 3.468150
20110719 3.503150
20110720 3.436900
20110721 3.403750
20110722 3.466900
20110723 0.000000
20110724 3.418150
20110725 3.438150
20110726 3.460650
20110727 3.499400
20110728 3.486900
20110729 3.364400
20110730 0.000000
20110731 3.374400
20110801 3.405000
20110802 3.576900
20110803 3.524400
20110804 3.365000
20110805 3.388750
20110806 0.000000
20110807 3.368150
20110808 3.259400
20110809 3.414400
20110810 3.422500
20110811 3.515650
20110812 3.518150
20110813 0.000000
20110814 3.555650
20110815 3.551900
20110816 3.628150
20110817 3.627500
20110818 3.530650
20110819 3.658750
20110820 0.000000
20110821 3.660650
20110822 3.688150
20110823 3.775000
20110824 3.733150
20110825 3.771900
20110826 3.810000
20110827 0.000000
20110828 3.853150
20110829 3.948750
20110830 3.929400
20110831 3.940650
20110901 3.825650
20110902 3.879400
20110903 0.000000
20110904 0.000000
20110905 3.828150
20110906 3.818150
20110907 3.767500
20110908 3.690650
20110909 3.645650
20110910 0.000000
20110911 3.640000
20110912 3.658150
20110913 3.519400
20110914 3.520000
20110915 3.488750
20110916 3.466900
20110917 0.000000
20110918 3.442500
20110919 3.383150
20110920 3.365650
20110921 3.310650
20110922 3.188150
20110923 3.213150
20110924 0.000000
20110925 3.230650
20110926 3.272500
20110927 3.261900
20110928 3.163750
20110929 3.292500
20110930 3.030000
20111001 0.000000
20111002 3.061900
20111003 3.079400
20111004 3.055650
20111005 3.131900
20111006 3.075650
20111007 3.044400
20111008 0.000000
20111009 3.060650
20111010 3.073150
20111011 3.287500
20111012 3.119400
20111013 3.108750
20111014 3.119400
20111015 0.000000
20111016 3.106900
20111017 3.124400
20111018 3.148150
20111019 3.085000
20111020 3.154400
20111021 3.153150
20111022 0.000000
20111023 3.168750
20111024 3.211900
20111025 3.176900
20111026 3.106900
20111027 3.213150
20111028 3.230650
20111029 0.000000
20111030 3.238150
20111031 3.146250
20111101 3.130650
20111102 3.121900
20111103 3.173150
20111104 3.176900
20111105 0.000000
20111106 0.000000
20111107 3.195000
20111108 3.290650
20111109 3.213150
20111110 3.106900
20111111 3.090000
20111112 0.000000
20111113 0.000000
20111114 3.073150
20111115 3.160000
20111116 3.085650
20111117 2.959400
20111118 2.983150
20111119 0.000000
20111120 0.000000
20111121 2.959400
20111122 2.970650
20111123 2.898750
20111124 0.000000
20111125 2.870000
20111126 0.000000
20111127 0.000000
20111128 2.964400
20111129 3.074400
20111130 3.074400
20111201 3.071900
20111202 3.133150
20111203 0.000000
20111204 0.000000
20111205 3.059400
20111206 3.061900
20111207 3.001900
20111208 2.979400
20111209 2.980650
20111210 0.000000
20111211 2.977500
20111212 2.969400
20111213 3.008150
20111214 2.907500
20111215 2.891900
20111216 2.915650
20111217 0.000000
20111218 0.000000
20111219 3.004400
20111220 3.034400
20111221 3.088750
20111222 3.107500
20111223 3.110000
20111224 0.000000
20111225 3.108750
20111226 3.108750
20111227 3.218150
20111228 3.253150
20111229 3.225650
20111230 3.265650
20111231 0.000000
20120101 0.000000
20120102 3.265650
20120103 3.291900
20120104 3.250650
20120105 3.136900
20120106 3.123150
20120107 0.000000
20120108 0.000000
20120109 3.211900
20120110 3.198150
20120111 3.216250
20120112 3.029400
20120113 3.008150
20120114 0.000000
20120115 0.000000
20120116 0.000000
20120117 3.024400
20120118 2.960650
20120119 3.030650
20120120 3.053150
20120121 0.000000
20120122 0.000000
20120123 3.098150
20120124 3.168150
20120125 3.208150
20120126 3.265650
20120127 3.236250
20120128 0.000000
20120129 0.000000
20120130 3.219400
20120131 3.333150
20120201 3.373150
20120202 3.308150
20120203 3.301900
20120204 0.000000
20120205 0.000000
20120206 3.343150
20120207 3.305650
20120208 3.305650
20120209 3.226900
20120210 3.149400
20120211 0.000000
20120212 0.000000
20120213 3.209400
20120214 3.171250
20120215 3.130650
20120216 3.135650
20120217 3.220650
20120218 0.000000
20120219 0.000000
20120220 0.000000
20120221 3.168150
20120222 3.224400
20120223 3.204400
20120224 3.211250
20120225 0.000000
20120226 0.000000
20120227 3.268750
20120228 3.336900
20120229 3.339400
20120301 3.315000
20120302 3.361250
20120303 0.000000
20120304 0.000000
20120305 3.354400
20120306 3.285650
20120307 3.193150
20120308 3.173150
20120309 3.204400
20120310 0.000000
20120311 3.196250
20120312 3.255650
20120313 3.247500
20120314 3.231250
20120315 3.318150
20120316 3.360650
20120317 0.000000
20120318 3.372500
20120319 3.261250
20120320 3.213750
20120321 3.203750
20120322 3.243750
20120323 3.273150
20120324 0.000000
20120325 3.251250
20120326 3.293750
20120327 3.204400
20120328 3.166250
20120329 3.083150
20120330 3.294400
20120331 0.000000
20120401 3.317500
20120402 3.269400
20120403 3.291900
20120404 3.206250
20120405 3.193150
20120406 0.000000
20120407 0.000000
20120408 3.208150
20120409 3.206900
20120410 3.113750
20120411 3.149400
20120412 3.199400
20120413 3.114400
20120414 0.000000
20120415 3.101250
20120416 3.093750
20120417 3.080650
20120418 3.069400
20120419 3.129400
20120420 3.084400
20120421 0.000000
20120422 3.111250
20120423 3.165000
20120424 3.193750
20120425 3.136250
20120426 3.180000
20120427 3.246900
20120428 0.000000
20120429 3.244400
20120430 3.263150
20120501 3.200000
20120502 3.080650
20120503 3.090650
20120504 3.044400
20120505 0.000000
20120506 3.044400
20120507 3.059400
20120508 3.086250
20120509 3.011900
20120510 3.004400
20120511 2.983150
20120512 0.000000
20120513 2.993750
20120514 2.991900
20120515 3.045650
20120516 3.194400
20120517 3.288150
20120518 3.474400
20120519 0.000000
20120520 3.519400
20120521 3.487500
20120522 3.419400
20120523 3.349400
20120524 3.326900
20120525 3.399400
20120526 0.000000
20120527 0.000000
20120528 0.000000
20120529 3.301250
20120530 3.261250
20120531 3.228150
20120601 3.066250
20120602 0.000000
20120603 3.067500
20120604 3.141250
20120605 3.078150
20120606 3.128150
20120607 3.176250
20120608 3.150650
20120609 0.000000
20120610 3.150000
20120611 3.136250
20120612 3.089400
20120613 3.095650
20120614 3.106250
20120615 3.069400
20120616 0.000000
20120617 3.077500
20120618 3.157500
20120619 3.248150
20120620 3.293150
20120621 3.292500
20120622 3.373150
20120623 0.000000
20120624 3.513150
20120625 3.735000
20120626 3.709400
20120627 3.739400
20120628 3.711900
20120629 3.794400
20120630 0.000000
20120701 3.866900
20120702 3.877500
20120703 3.995650
20120704 0.000000
20120705 4.140000
20120706 4.035650
20120707 0.000000
20120708 4.107500
20120709 4.088750
20120710 4.112500
20120711 4.146900
20120712 4.227500
20120713 4.233150
20120714 0.000000
20120715 4.334400
20120716 4.480650
20120717 4.418750
20120718 4.491900
20120719 4.663150
20120720 4.719400
20120721 0.000000
20120722 4.661250
20120723 4.459400
20120724 4.316900
20120725 4.465000
20120726 4.399400
20120727 4.493750
20120728 0.000000
20120729 4.549400
20120730 4.555000
20120731 4.463150
20120801 4.408150
20120802 4.307500
20120803 4.455650
20120804 0.000000
20120805 4.425650
20120806 4.459400
20120807 4.437500
20120808 4.498750
20120809 4.576250
20120810 4.435000
20120811 0.000000
20120812 4.403750
20120813 4.296900
20120814 4.228150
20120815 4.233750
20120816 4.318750
20120817 4.369400
20120818 0.000000
20120819 4.361250
20120820 4.396900
20120821 4.484400
20120822 4.477500
20120823 4.371900
20120824 4.336900
20120825 0.000000
20120826 4.460000
20120827 4.393750
20120828 4.379400
20120829 4.511250
20120830 4.517500
20120831 4.443150
20120901 0.000000
20120902 0.000000
20120903 0.000000
20120904 4.432500
20120905 4.339400
20120906 4.453750
20120907 4.527500
20120908 0.000000
20120909 4.543150
20120910 4.442500
20120911 4.419400
20120912 4.449400
20120913 4.506900
20120914 4.629400
20120915 0.000000
20120916 4.580650
20120917 4.418150
20120918 4.333750
20120919 4.425000
20120920 4.403750
20120921 4.494400
20120922 0.000000
20120923 4.513150
20120924 4.431250
20120925 4.438750
20120926 4.364400
20120927 4.279400
20120928 4.496900
20120929 0.000000
20120930 4.478150
20121001 4.401250
20121002 4.338150
20121003 4.351900
20121004 4.361250
20121005 4.284400
20121006 0.000000
20121007 4.294400
20121008 4.312500
20121009 4.321250
20121010 4.343750
20121011 4.411900
20121012 4.284400
20121013 0.000000
20121014 4.264400
20121015 4.280650
20121016 4.232500
20121017 4.281250
20121018 4.342500
20121019 4.355650
20121020 0.000000
20121021 4.369400
20121022 4.385650
20121023 4.336900
20121024 4.391900
20121025 4.373750
20121026 4.320000
20121027 0.000000
20121028 4.306250
20121029 4.288750
20121030 4.300650
20121031 4.334400
20121101 4.326250
20121102 4.331250
20121103 0.000000
20121104 4.338750
20121105 4.360000
20121106 4.380650
20121107 4.446900
20121108 4.503150
20121109 4.436250
20121110 0.000000
20121111 4.419400
20121112 4.293150
20121113 4.271250
20121114 4.238150
20121115 4.230000
20121116 4.185650
20121117 0.000000
20121118 4.188150
20121119 4.216900
20121120 4.219400
20121121 4.225650
20121122 0.000000
20121123 4.235650
20121124 0.000000
20121125 4.298750
20121126 4.322500
20121127 4.430000
20121128 4.434400
20121129 4.427500
20121130 4.317500
20121201 0.000000
20121202 4.317500
20121203 4.306250
20121204 4.291250
20121205 4.303150
20121206 4.302500
20121207 4.300000
20121208 0.000000
20121209 4.288150
20121210 4.239400
20121211 4.119400
20121212 4.064400
20121213 4.040000
20121214 4.069400
20121215 0.000000
20121216 4.074400
20121217 4.063150
20121218 4.066900
20121219 4.035650
20121220 3.961250
20121221 3.959400
20121222 0.000000
20121223 3.972500
20121224 3.970650
20121225 0.000000
20121226 3.879400
20121227 3.884400
20121228 3.891900
20121229 0.000000
20121230 3.875000
20121231 3.892500
20130101 0.000000
20130102 3.794400
20130103 3.771250
20130104 3.744400
20130105 0.000000
20130106 3.741250
20130107 3.761250
20130108 3.754400
20130109 3.748150
20130110 3.730000
20130111 3.789400
20130112 0.000000
20130113 3.837500
20130114 3.851250
20130115 3.916900
20130116 3.933750
20130117 3.926900
20130118 3.952500
20130119 0.000000
20130120 3.952500
20130121 0.000000
20130122 3.881900
20130123 3.864400
20130124 3.856900
20130125 3.879400
20130126 0.000000
20130127 3.897500
20130128 3.891900
20130129 3.869400
20130130 3.933750
20130131 3.908150
20130201 3.830650
20130202 0.000000
20130203 3.829400
20130204 3.826900
20130205 3.788150
20130206 3.798750
20130207 3.783750
20130208 3.780650
20130209 0.000000
20130210 3.789400
20130211 3.709400
20130212 3.671250
20130213 3.688750
20130214 3.671900
20130215 3.710000
20130216 0.000000
20130217 0.000000
20130218 0.000000
20130219 3.663750
20130220 3.684400
20130221 3.615000
20130222 3.569400
20130223 0.000000
20130224 3.600650
20130225 3.529400
20130226 3.559400
20130227 3.560000
20130228 3.581900
20130301 3.601900
20130302 0.000000
20130303 3.595000
20130304 3.517500
20130305 3.526250
20130306 3.416250
20130307 3.478150
20130308 3.481900
20130309 0.000000
20130310 3.496900
20130311 3.503750
20130312 3.515000
20130313 3.561250
20130314 3.624400
20130315 3.615650
20130316 0.000000
20130317 3.583150
20130318 3.570650
20130319 3.636900
20130320 3.668150
20130321 3.641900
20130322 3.646900
20130323 0.000000
20130324 3.650000
20130325 3.630650
20130326 3.648150
20130327 3.680000
20130328 3.441250
20130329 0.000000
20130330 0.000000
20130331 3.422500
20130401 3.336900
20130402 3.371900
20130403 3.509400
20130404 3.462500
20130405 3.496900
20130406 0.000000
20130407 0.000000
20130408 3.558750
20130409 3.536250
20130410 3.484400
20130411 3.492500
20130412 3.570650
20130413 0.000000
20130414 0.000000
20130415 3.463150
20130416 3.518150
20130417 3.516900
20130418 3.520650
20130419 3.541900
20130420 0.000000
20130421 0.000000
20130422 3.510650
20130423 3.489400
20130424 3.451250
20130425 3.508150
20130426 3.434400
20130427 0.000000
20130428 0.000000
20130429 3.576250
20130430 3.651250
20130501 3.598150
20130502 3.646250
20130503 3.608750
20130504 0.000000
20130505 0.000000
20130506 3.511250
20130507 3.538150
20130508 3.527500
20130509 3.620650
20130510 3.517500
20130511 0.000000
20130512 0.000000
20130513 3.546900
20130514 3.561900
20130515 3.469400
20130516 3.444400
20130517 3.413150
20130518 0.000000
20130519 0.000000
20130520 3.431250
20130521 3.399400
20130522 3.434400
20130523 3.525000
20130524 3.481900
20130525 0.000000
20130526 0.000000
20130527 0.000000
20130528 3.467500
20130529 3.501900
20130530 3.489400
20130531 3.533150
20130601 0.000000
20130602 0.000000
20130603 3.546900
20130604 3.548150
20130605 3.506900
20130606 3.492500
20130607 3.481250
20130608 0.000000
20130609 0.000000
20130610 3.451250
20130611 3.480650
20130612 3.409400
20130613 3.428150
20130614 3.405650
20130615 0.000000
20130616 0.000000
20130617 3.416900
20130618 3.434400
20130619 3.525650
20130620 3.499400
20130621 3.489400
20130622 0.000000
20130623 0.000000
20130624 3.438750
20130625 3.425650
20130626 3.383150
20130627 3.364400
20130628 3.284400
20130629 0.000000
20130630 0.000000
20130701 3.283150
20130702 3.281900
20130703 3.330000
20130704 3.330000
20130705 3.299400
20130706 0.000000
20130707 0.000000
20130708 3.311900
20130709 3.381900
20130710 3.390650
20130711 3.411900
20130712 3.405000
20130713 0.000000
20130714 0.000000
20130715 3.347500
20130716 3.346250
20130717 3.326250
20130718 3.305650
20130719 3.319400
20130720 0.000000
20130721 0.000000
20130722 3.299400
20130723 3.273150
20130724 3.265650
20130725 3.241900
20130726 3.246250
20130727 0.000000
20130728 0.000000
20130729 3.255650
20130730 3.280000
20130731 3.318150
20130801 3.295650
20130802 3.301250
20130803 0.000000
20130804 0.000000
20130805 3.226250
20130806 3.250000
20130807 3.219400
20130808 3.205650
20130809 3.168150
20130810 0.000000
20130811 0.000000
20130812 3.176250
20130813 3.137500
20130814 3.151900
20130815 3.188150
20130816 3.157500
20130817 0.000000
20130818 0.000000
20130819 3.202500
20130820 3.172500
20130821 3.191900
20130822 3.152500
20130823 3.168750
20130824 0.000000
20130825 0.000000
20130826 3.335650
20130827 3.316250
20130828 3.301900
20130829 3.271900
20130830 3.274400
20130831 0.000000
20130901 0.000000
20130902 0.000000
20130903 3.237500
20130904 3.231900
20130905 3.196900
20130906 3.238150
20130907 0.000000
20130908 0.000000
20130909 3.204400
20130910 3.231250
20130911 3.239400
20130912 3.264400
20130913 3.202500
20130914 0.000000
20130915 0.000000
20130916 3.204400
20130917 3.212500
20130918 3.227500
20130919 3.281250
20130920 3.229400
20130921 0.000000
20130922 0.000000
20130923 3.269400
20130924 3.288150
20130925 3.348150
20130926 3.393150
20130927 3.405650
20130928 0.000000
20130929 0.000000
20130930 3.395650
20131001 3.416900
20131002 3.430000
20131003 3.443150
20131004 3.433150
20131005 0.000000
20131006 0.000000
20131007 3.475000
20131008 3.465650
20131009 3.450650
20131010 3.425000
20131011 3.460000
20131012 0.000000
20131013 0.000000
20131014 3.459400
20131015 3.428150
20131016 3.405650
20131017 3.428150
20131018 3.526250
20131019 0.000000
20131020 0.000000
20131021 3.494400
20131022 3.503150
20131023 3.508750
20131024 3.482500
20131025 3.458150
20131026 0.000000
20131027 0.000000
20131028 3.404400
20131029 3.408750
20131030 3.370650
20131031 3.336900
20131101 3.335650
20131102 0.000000
20131103 0.000000
20131104 3.316900
20131105 3.282500
20131106 3.268150
20131107 3.266900
20131108 3.240000
20131109 0.000000
20131110 0.000000
20131111 3.231250
20131112 3.225000
20131113 3.226250
20131114 3.224400
20131115 3.218750
20131116 0.000000
20131117 0.000000
20131118 3.211900
20131119 3.250000
20131120 3.232500
20131121 3.243150
20131122 3.245000
20131123 0.000000
20131124 3.281250
20131125 3.297500
20131126 3.278750
20131127 3.323150
20131128 0.000000
20131129 3.341250
20131130 0.000000
20131201 0.000000
20131202 3.314400
20131203 3.344400
20131204 3.310000
20131205 3.258150
20131206 3.253750
20131207 0.000000
20131208 0.000000
20131209 3.252500
20131210 3.197500
20131211 3.205650
20131212 3.166900
20131213 3.145650
20131214 0.000000
20131215 0.000000
20131216 3.108150
20131217 3.094400
20131218 3.061900
20131219 3.050650
20131220 3.068150
20131221 0.000000
20131222 0.000000
20131223 3.046250
20131224 3.031900
20131225 0.000000
20131226 3.028750
20131227 3.040650
20131228 0.000000
20131229 0.000000
20131230 3.000650
20131231 3.025650
20140101 3.025650
20140102 2.983750
20140103 3.033150
20140104 0.000000
20140105 0.000000
20140106 3.030650
20140107 3.011900
20140108 2.938150
20140109 2.922500
20140110 2.840650
20140111 0.000000
20140112 0.000000
20140113 2.864400
20140114 2.896900
20140115 2.836900
20140116 2.860650
20140117 2.814400
20140118 0.000000
20140119 0.000000
20140120 0.000000
20140121 2.809400
20140122 2.805650
20140123 2.849400
20140124 2.831250
20140125 0.000000
20140126 0.000000
20140127 2.819400
20140128 2.829400
20140129 2.754400
20140130 2.768750
20140131 2.775000
20140201 0.000000
20140202 0.000000
20140203 2.819400
20140204 2.926900
20140205 2.935000
20140206 2.899400
20140207 2.888750
20140208 0.000000
20140209 0.000000
20140210 2.927500
20140211 2.945650
20140212 2.929400
20140213 2.972500
20140214 2.987500
20140215 0.000000
20140216 0.000000
20140217 0.000000
20140218 3.060650
20140219 3.101900
20140220 3.079400
20140221 3.049400
20140222 0.000000
20140223 0.000000
20140224 3.086250
20140225 3.086250
20140226 3.026900
20140227 2.951900
20140228 3.001900
20140301 0.000000
20140302 0.000000
20140303 3.172500
20140304 3.216250
20140305 3.201900
20140306 3.233150
20140307 3.267500
20140308 0.000000
20140309 0.000000
20140310 3.198150
20140311 3.290650
20140312 3.420650
20140313 3.360650
20140314 3.433150
20140315 0.000000
20140316 0.000000
20140317 3.373150
20140318 3.459400
20140319 3.578150
20140320 3.531900
20140321 3.461250
20140322 0.000000
20140323 0.000000
20140324 3.566900
20140325 3.546900
20140326 3.486900
20140327 3.552500
20140328 3.475650
20140329 0.000000
20140330 0.000000
20140331 3.485650
20140401 3.426900
20140402 3.343150
20140403 3.376250
20140404 3.351250
20140405 0.000000
20140406 0.000000
20140407 3.383150
20140408 3.396250
20140409 3.341250
20140410 3.311250
20140411 3.295650
20140412 0.000000
20140413 0.000000
20140414 3.390650
20140415 3.508150
20140416 3.440000
20140417 3.451250
20140418 0.000000
20140419 0.000000
20140420 0.000000
20140421 3.344400
20140422 3.361900
20140423 3.381900
20140424 3.451900
20140425 3.504400
20140426 0.000000
20140427 0.000000
20140428 3.544400
20140429 3.578150
20140430 3.607500
20140501 3.543150
20140502 3.580000
20140503 0.000000
20140504 0.000000
20140505 3.636900
20140506 3.693150
20140507 3.694400
20140508 3.673150
20140509 3.613750
20140510 0.000000
20140511 3.613750
20140512 3.574400
20140513 3.548150
20140514 3.451900
20140515 3.389400
20140516 3.374400
20140517 0.000000
20140518 0.000000
20140519 3.375650
20140520 3.345650
20140521 3.316900
20140522 3.298150
20140523 3.259400
20140524 0.000000
20140525 0.000000
20140526 0.000000
20140527 3.204400
20140528 3.193150
20140529 3.161250
20140530 3.140650
20140531 0.000000
20140601 0.000000
20140602 3.101900
20140603 3.060650
20140604 3.069400
20140605 3.025650
20140606 3.096900
20140607 0.000000
20140608 0.000000
20140609 3.071250
20140610 3.005650
20140611 2.944400
20140612 2.924400
20140613 2.925650
20140614 0.000000
20140615 0.000000
20140616 2.901900
20140617 2.907500
20140618 2.931250
20140619 2.969400
20140620 2.924400
20140621 0.000000
20140622 0.000000
20140623 2.945650
20140624 2.900000
20140625 2.920650
20140626 2.921900
20140627 2.964400
20140628 0.000000
20140629 0.000000
20140630 2.883750
20140701 2.865650
20140702 2.883150
20140703 2.897500
20140704 0.000000
20140705 0.000000
20140706 2.897500
20140707 2.791250
20140708 2.779400
20140709 2.756250
20140710 2.743150
20140711 2.629400
20140712 0.000000
20140713 0.000000
20140714 2.691900
20140715 2.691250
20140716 2.690000
20140717 2.756250
20140718 2.658750
20140719 0.000000
20140720 0.000000
20140721 2.651250
20140722 2.624400
20140723 2.649400
20140724 2.645000
20140725 2.688150
20140726 0.000000
20140727 0.000000
20140728 2.674400
20140729 2.603150
20140730 2.640000
20140731 2.651900
20140801 2.668750
20140802 0.000000
20140803 2.668750
20140804 2.724400
20140805 2.760650
20140806 2.838150
20140807 2.808150
20140808 2.739400
20140809 0.000000
20140810 0.000000
20140811 2.733750
20140812 2.691250
20140813 2.636900
20140814 2.680650
20140815 2.758150
20140816 0.000000
20140817 0.000000
20140818 2.711900
20140819 2.733150
20140820 2.697500
20140821 2.732500
20140822 2.746250
20140823 0.000000
20140824 0.000000
20140825 2.778150
20140826 2.779400
20140827 2.806900
20140828 2.854400
20140829 2.816900
20140830 0.000000
20140831 0.000000
20140901 0.000000
20140902 2.773750
20140903 2.676900
20140904 2.649400
20140905 2.676900
20140906 0.000000
20140907 0.000000
20140908 2.668750
20140909 2.644400
20140910 2.598150
20140911 2.545650
20140912 2.512500
20140913 0.000000
20140914 0.000000
20140915 2.501900
20140916 2.484400
20140917 2.496900
20140918 2.440650
20140919 2.370000
20140920 0.000000
20140921 0.000000
20140922 2.383150
20140923 2.378750
20140924 2.401900
20140925 2.371250
20140926 2.374400
20140927 0.000000
20140928 0.000000
20140929 2.404400
20140930 2.393150
20141001 2.393150
20141002 2.418750
20141003 2.430650
20141004 0.000000
20141005 0.000000
20141006 2.456900
20141007 2.534400
20141008 2.539400
20141009 2.466900
20141010 2.493750
20141011 0.000000
20141012 0.000000
20141013 2.525650
20141014 2.546900
20141015 2.538750
20141016 2.590000
20141017 2.579400
20141018 0.000000
20141019 0.000000
20141020 2.568150
20141021 2.598750
20141022 2.613150
20141023 2.632500
20141024 2.592500
20141025 0.000000
20141026 0.000000
20141027 2.617500
20141028 2.657500
20141029 2.693150
20141030 2.679400
20141031 2.656250
20141101 0.000000
20141102 0.000000
20141103 2.695650
20141104 2.660650
20141105 2.623750
20141106 2.601900
20141107 2.572500
20141108 0.000000
20141109 0.000000
20141110 2.595650
20141111 2.620000
20141112 2.708150
20141113 2.768150
20141114 2.803150
20141115 0.000000
20141116 0.000000
20141117 2.761250
20141118 2.746900
20141119 2.691250
20141120 2.735650
20141121 2.733150
20141122 0.000000
20141123 0.000000
20141124 2.745650
20141125 2.793150
20141126 2.811250
20141127 2.811250
20141128 2.891900
20141129 0.000000
20141130 2.891900
20141201 3.035650
20141202 3.016900
20141203 2.948150
20141204 2.944400
20141205 2.966900
20141206 0.000000
20141207 2.966900
20141208 2.981900
20141209 2.930000
20141210 2.910650
20141211 2.980650
20141212 3.028750
20141213 0.000000
20141214 3.028750
20141215 3.090000
20141216 3.105650
20141217 3.244400
20141218 3.266900
20141219 3.164400
20141220 0.000000
20141221 3.164400
20141222 3.124400
20141223 3.181900
20141224 3.051900
20141225 0.000000
20141226 3.046250
20141227 0.000000
20141228 3.046250
20141229 3.071900
20141230 3.016250
20141231 2.949400
20150101 0.000000
20150102 2.905650
20150103 0.000000
20150104 0.000000
20150105 2.943150
20150106 2.960650
20150107 2.895650
20150108 2.836900
20150109 2.811900
20150110 0.000000
20150111 0.000000
20150112 2.776250
20150113 2.738750
20150114 2.690650
20150115 2.669400
20150116 2.656900
20150117 0.000000
20150118 0.000000
20150119 0.000000
20150120 2.676900
20150121 2.679400
20150122 2.668750
20150123 2.646250
20150124 0.000000
20150125 0.000000
20150126 2.598750
20150127 2.594400
20150128 2.526900
20150129 2.538750
20150130 2.516250
20150131 0.000000
20150201 0.000000
20150202 2.464400
20150203 2.564400
20150204 2.560650
20150205 2.631900
20150206 2.636900
20150207 0.000000
20150208 0.000000
20150209 2.645650
20150210 2.604400
20150211 2.625650
20150212 2.601900
20150213 2.666250
20150214 0.000000
20150215 0.000000
20150216 0.000000
20150217 2.675000
20150218 2.640650
20150219 2.638150
20150220 2.549400
20150221 0.000000
20150222 0.000000
20150223 2.518150
20150224 2.516900
20150225 2.485650
20150226 2.500000
20150227 2.560000
20150228 0.000000
20150301 0.000000
20150302 2.499400
20150303 2.521900
20150304 2.479400
20150305 2.403150
20150306 2.411250
20150307 0.000000
20150308 0.000000
20150309 2.450650
20150310 2.469400
20150311 2.493150
20150312 2.536250
20150313 2.506250
20150314 0.000000
20150315 0.000000
20150316 2.575650
20150317 2.518150
20150318 2.555650
20150319 2.556900
20150320 2.650650
20150321 0.000000
20150322 0.000000
20150323 2.673150
20150324 2.616900
20150325 2.594400
20150326 2.493150
20150327 2.538750
20150328 0.000000
20150329 0.000000
20150330 2.651900
20150331 2.564400
20150401 2.644400
20150402 2.669400
20150403 0.000000
20150404 0.000000
20150405 0.000000
20150406 2.641900
20150407 2.634400
20150408 2.627500
20150409 2.594400
20150410 2.633750
20150411 0.000000
20150412 0.000000
20150413 2.511900
20150414 2.487500
20150415 2.453150
20150416 2.473150
20150417 2.465650
20150418 0.000000
20150419 0.000000
20150420 2.493150
20150421 2.502500
20150422 2.495650
20150423 2.490650
20150424 2.431900
20150425 0.000000
20150426 0.000000
20150427 2.369400
20150428 2.381900
20150429 2.419400
20150430 2.376900
20150501 2.369400
20150502 0.000000
20150503 0.000000
20150504 2.363750
20150505 2.333750
20150506 2.396250
20150507 2.363150
20150508 2.411900
20150509 0.000000
20150510 0.000000
20150511 2.408150
20150512 2.406900
20150513 2.408150
20150514 2.573150
20150515 2.553750
20150516 0.000000
20150517 0.000000
20150518 2.609400
20150519 2.553150
20150520 2.562500
20150521 2.602500
20150522 2.575000
20150523 0.000000
20150524 0.000000
20150525 0.000000
20150526 2.463150
20150527 2.441250
20150528 2.436900
20150529 2.389400
20150530 0.000000
20150531 0.000000
20150601 2.473750
20150602 2.563150
20150603 2.545650
20150604 2.615650
20150605 2.585000
20150606 0.000000
20150607 0.000000
20150608 2.638150
20150609 2.663750
20150610 2.563150
20150611 2.525650
20150612 2.521250
20150613 0.000000
20150614 0.000000
20150615 2.444400
20150616 2.443150
20150617 2.458150
20150618 2.439400
20150619 2.444400
20150620 0.000000
20150621 0.000000
20150622 2.508750
20150623 2.613150
20150624 2.590650
20150625 2.661900
20150626 2.803750
20150627 0.000000
20150628 0.000000
20150629 2.920650
20150630 3.083150
20150701 2.936250
20150702 2.941250
20150703 2.941250
20150704 0.000000
20150705 0.000000
20150706 2.974400
20150707 2.921900
20150708 2.891250
20150709 2.886900
20150710 2.875650
20150711 0.000000
20150712 0.000000
20150713 2.877500
20150714 2.854400
20150715 2.835650
20150716 2.813150
20150717 2.771250
20150718 0.000000
20150719 0.000000
20150720 2.673750
20150721 2.619400
20150722 2.581900
20150723 2.612500
20150724 2.561900
20150725 0.000000
20150726 0.000000
20150727 2.510650
20150728 2.560650
20150729 2.480000
20150730 2.486900
20150731 2.490650
20150801 0.000000
20150802 0.000000
20150803 2.504400
20150804 2.468750
20150805 2.513150
20150806 2.535650
20150807 2.553150
20150808 0.000000
20150809 0.000000
20150810 2.618150
20150811 2.535650
20150812 2.468750
20150813 2.516900
20150814 2.529400
20150815 0.000000
20150816 0.000000
20150817 2.503150
20150818 2.477500
20150819 2.481250
20150820 2.520650
20150821 2.496900
20150822 0.000000
20150823 0.000000
20150824 2.521250
20150825 2.482500
20150826 2.455000
20150827 2.423750
20150828 2.388150
20150829 0.000000
20150830 0.000000
20150831 2.426900
20150901 2.428150
20150902 2.395650
20150903 2.324400
20150904 2.335650
20150905 0.000000
20150906 0.000000
20150907 0.000000
20150908 2.375650
20150909 2.363150
20150910 2.390650
20150911 2.425650
20150912 0.000000
20150913 0.000000
20150914 2.506900
20150915 2.474400
20150916 2.444400
20150917 2.404400
20150918 2.433150
20150919 0.000000
20150920 0.000000
20150921 2.483150
20150922 2.476900
20150923 2.538150
20150924 2.485650
20150925 2.540650
20150926 0.000000
20150927 0.000000
20150928 2.530650
20150929 2.519400
20150930 2.561250
20151001 2.590000
20151002 2.563150
20151003 0.000000
20151004 0.000000
20151005 2.579400
20151006 2.629400
20151007 2.583150
20151008 2.555650
20151009 2.540650
20151010 0.000000
20151011 0.000000
20151012 2.534400
20151013 2.594400
20151014 2.541900
20151015 2.510650
20151016 2.461900
20151017 0.000000
20151018 0.000000
20151019 2.426900
20151020 2.453150
20151021 2.473150
20151022 2.454400
20151023 2.453150
20151024 0.000000
20151025 0.000000
20151026 2.546900
20151027 2.545650
20151028 2.529400
20151029 2.576900
20151030 2.610650
20151031 0.000000
20151101 0.000000
20151102 2.539400
20151103 2.581900
20151104 2.631900
20151105 2.629400
20151106 2.614400
20151107 0.000000
20151108 0.000000
20151109 2.508150
20151110 2.456900
20151111 2.475650
20151112 2.488150
20151113 2.480650
20151114 0.000000
20151115 0.000000
20151116 2.469400
20151117 2.438750
20151118 2.416900
20151119 2.451900
20151120 2.445650
20151121 0.000000
20151122 0.000000
20151123 2.486900
20151124 2.440650
20151125 2.438150
20151126 0.000000
20151127 2.395000
20151128 0.000000
20151129 0.000000
20151130 2.378150
20151201 2.356900
20151202 2.335650
20151203 2.391900
20151204 2.423150
20151205 0.000000
20151206 0.000000
20151207 2.414400
20151208 2.406900
20151209 2.448150
20151210 2.476900
20151211 2.451900
20151212 0.000000
20151213 0.000000
20151214 2.466900
20151215 2.469400
20151216 2.416900
20151217 2.419400
20151218 2.430650
20151219 0.000000
20151220 0.000000
20151221 2.395650
20151222 2.358150
20151223 2.348150
20151224 2.340000
20151225 0.000000
20151226 0.000000
20151227 2.340000
20151228 2.333150
20151229 2.379400
20151230 2.348150
20151231 2.346900
20160101 0.000000
20160102 0.000000
20160103 0.000000
20160104 2.291900
20160105 2.306900
20160106 2.313150
20160107 2.341900
20160108 2.391900
20160109 0.000000
20160110 0.000000
20160111 2.345650
20160112 2.406900
20160113 2.389400
20160114 2.344400
20160115 2.366900
20160116 0.000000
20160117 2.366900
20160118 0.000000
20160119 2.371900
20160120 2.358150
20160121 2.376900
20160122 2.376900
20160123 0.000000
20160124 0.000000
20160125 2.405650
20160126 2.425650
20160127 2.381900
20160128 2.360650
20160129 2.396900
20160130 0.000000
20160131 0.000000
20160201 2.378150
20160202 2.376900
20160203 2.399400
20160204 2.363150
20160205 2.333150
20160206 0.000000
20160207 0.000000
20160208 2.291900
20160209 2.286900
20160210 2.305650
20160211 2.291900
20160212 2.286900
20160213 0.000000
20160214 0.000000
20160215 0.000000
20160216 2.321900
20160217 2.344400
20160218 2.311900
20160219 2.309400
20160220 0.000000
20160221 0.000000
20160222 2.319400
20160223 2.279400
20160224 2.256900
20160225 2.265600
20160226 2.260600
20160227 0.000000
20160228 0.000000
20160229 2.264400
20160301 2.230600
20160302 2.250600
20160303 2.295600
20160304 2.306900
20160305 0.000000
20160306 0.000000
20160307 2.315650
20160308 2.325650
20160309 2.340600
20160310 2.381900
20160311 2.379400
20160312 0.000000
20160313 0.000000
20160314 2.393100
20160315 2.385600
20160316 2.353100
20160317 2.311900
20160318 2.316900
20160319 0.000000
20160320 0.000000
20160321 2.331900
20160322 2.336900
20160323 2.316900
20160324 2.317500
20160325 0.000000
20160326 0.000000
20160327 0.000000
20160328 2.360000
20160329 2.385000
20160330 2.321250
20160331 2.372500
20160401 2.377500
20160402 0.000000
20160403 0.000000
20160404 2.372500
20160405 2.367500
20160406 2.316250
20160407 2.286250
20160408 2.307500
20160409 0.000000
20160410 0.000000
20160411 2.235000
20160412 2.267500
20160413 2.321250
20160414 2.292500
20160415 2.301250
20160416 0.000000
20160417 0.000000
20160418 2.362500
20160419 2.427500
20160420 2.515000
20160421 2.479400
20160422 2.336250
20160423 0.000000
20160424 0.000000
20160425 2.383750
20160426 2.441250
20160427 2.413750
20160428 2.428750
20160429 2.446250
20160430 0.000000
20160501 0.000000
20160502 2.435600
20160503 2.360000
20160504 2.365000
20160505 2.318750
20160506 2.322500
20160507 0.000000
20160508 0.000000
20160509 2.281250
20160510 2.311250
20160511 2.295000
20160512 2.340000
20160513 2.373750
20160514 0.000000
20160515 0.000000
20160516 2.378750
20160517 2.407500
20160518 2.405000
20160519 2.346250
20160520 2.341250
20160521 0.000000
20160522 0.000000
20160523 2.312500
20160524 2.322500
20160525 2.331250
20160526 2.403750
20160527 2.407500
20160528 0.000000
20160529 0.000000
20160530 0.000000
20160531 2.318750
20160601 2.367500
20160602 2.427500
20160603 2.488750
20160604 0.000000
20160605 0.000000
20160606 2.538750
20160607 2.547500
20160608 2.600000
20160609 2.548750
20160610 2.475000
20160611 0.000000
20160612 0.000000
20160613 2.460000
20160614 2.423750
20160615 2.392500
20160616 2.362500
20160617 2.407500
20160618 0.000000
20160619 0.000000
20160620 2.368750
20160621 2.290600
20160622 2.293750
20160623 2.270000
20160624 2.266250
20160625 0.000000
20160626 0.000000
20160627 2.296250
20160628 2.291250
20160629 2.221250
20160630 2.240000
20160701 2.153100
20160702 0.000000
20160703 0.000000
20160704 0.000000
20160705 2.157500
20160706 2.147500
20160707 2.128100
20160708 2.177500
20160709 0.000000
20160710 0.000000
20160711 2.153750
20160712 2.187500
20160713 2.205000
20160714 2.168750
20160715 2.127500
20160716 0.000000
20160717 0.000000
20160718 2.151250
20160719 2.092500
20160720 2.063750
20160721 2.091250
20160722 2.130600
20160723 0.000000
20160724 0.000000
20160725 2.147500
20160726 2.074400
20160727 2.075000
20160728 2.045600
20160729 2.036250
20160730 0.000000
20160731 0.000000
20160801 2.033750
20160802 2.003750
20160803 2.050000
20160804 2.021250
20160805 2.076900
20160806 0.000000
20160807 0.000000
20160808 2.085000
20160809 2.082500
20160810 2.105600
20160811 2.080000
20160812 2.113100
20160813 0.000000
20160814 0.000000
20160815 2.113100
20160816 2.117500
20160817 2.131250
20160818 2.136250
20160819 2.137500
20160820 0.000000
20160821 0.000000
20160822 2.076250
20160823 2.037500
20160824 2.022500
20160825 2.006900
20160826 1.920600
20160827 0.000000
20160828 0.000000
20160829 1.986250
20160830 1.962500
20160831 1.937500
20160901 1.973100
20160902 1.995000
20160903 0.000000
20160904 0.000000
20160905 0.000000
20160906 1.990000
20160907 2.012500
20160908 2.030000
20160909 2.015000
20160910 0.000000
20160911 0.000000
20160912 2.043750
20160913 2.000000
20160914 2.011250
20160915 1.997500
20160916 2.019400
20160917 0.000000
20160918 0.000000
20160919 2.020000
20160920 2.028750
20160921 2.041250
20160922 2.028750
20160923 2.026250
20160924 0.000000
20160925 0.000000
20160926 1.980000
20160927 2.021250
20160928 2.016900
20160929 1.995000
20160930 2.008750
20161001 0.000000
20161002 0.000000
20161003 1.983750
20161004 1.978750
20161005 2.027500
20161006 1.976250
20161007 1.975000
20161008 0.000000
20161009 0.000000
20161010 2.021250
20161011 2.036250
20161012 1.987500
20161013 2.082500
20161014 2.103750
20161015 0.000000
20161016 0.000000
20161017 2.121250
20161018 2.097500
20161019 2.100000
20161020 2.085000
20161021 2.072500
20161022 0.000000
20161023 0.000000
20161024 2.017500
20161025 2.023750
20161026 2.058750
20161027 2.075000
20161028 2.040000
20161029 0.000000
20161030 0.000000
20161031 2.076250
20161101 2.070000
20161102 2.092500
20161103 2.057500
20161104 2.071250
20161105 0.000000
20161106 0.000000
20161107 2.042500
20161108 2.072500
20161109 2.038750
20161110 2.025000
20161111 2.010000
20161112 0.000000
20161113 0.000000
20161114 1.970000
20161115 1.995000
20161116 1.985000
20161117 2.016250
20161118 2.043750
20161119 0.000000
20161120 0.000000
20161121 2.053750
20161122 2.031250
20161123 2.007500
20161124 0.000000
20161125 1.983750
20161126 0.000000
20161127 0.000000
20161128 2.090000
20161129 2.041250
20161130 2.015000
20161201 1.978750
20161202 2.015000
20161203 0.000000
20161204 0.000000
20161205 2.042500
20161206 2.035000
20161207 2.006250
20161208 2.038750
20161209 2.080000
20161210 0.000000
20161211 0.000000
20161212 2.083750
20161213 2.090000
20161214 2.091250
20161215 2.045000
20161216 2.043750
20161217 0.000000
20161218 0.000000
20161219 2.026250
20161220 2.015000
20161221 1.997500
20161222 1.983750
20161223 1.971900
20161224 0.000000
20161225 0.000000
20161226 0.000000
20161227 2.050000
20161228 2.008750
20161229 2.023750
20161230 2.038750
20161231 0.000000
20170101 0.000000
20170102 0.000000
20170103 2.031900
20170104 2.090000
20170105 2.127500
20170106 2.115000
20170107 0.000000
20170108 0.000000
20170109 2.136250
20170110 2.135000
20170111 2.095000
20170112 2.129400
20170113 2.131250
20170114 0.000000
20170115 0.000000
20170116 0.000000
20170117 2.163750
20170118 2.155000
20170119 2.117500
20170120 2.140000
20170121 0.000000
20170122 0.000000
20170123 2.165000
20170124 2.138750
20170125 2.121250
20170126 2.130600
20170127 2.108750
20170128 0.000000
20170129 0.000000
20170130 2.071250
20170131 2.105000
20170201 2.163750
20170202 2.176250
20170203 2.154400
20170204 0.000000
20170205 0.000000
20170206 2.117500
20170207 2.150000
20170208 2.163750
20170209 2.217500
20170210 2.248750
20170211 0.000000
20170212 0.000000
20170213 2.257500
20170214 2.248750
20170215 2.275000
20170216 2.238750
20170217 2.206250
20170218 0.000000
20170219 0.000000
20170220 0.000000
20170221 2.185000
20170222 2.205000
20170223 2.185000
20170224 2.165000
20170225 0.000000
20170226 0.000000
20170227 2.193750
20170228 2.218750
20170301 2.286250
20170302 2.267500
20170303 2.271250
20170304 0.000000
20170305 0.000000
20170306 2.293750
20170307 2.281250
20170308 2.237500
20170309 2.218750
20170310 2.210000
20170311 0.000000
20170312 0.000000
20170313 2.153750
20170314 2.155000
20170315 2.180000
20170316 2.183750
20170317 2.183750
20170318 0.000000
20170319 0.000000
20170320 2.153750
20170321 2.132500
20170322 2.111250
20170323 2.106250
20170324 2.121250
20170325 0.000000
20170326 0.000000
20170327 2.106250
20170328 2.123750
20170329 2.127500
20170330 2.103750
20170331 2.128750
