20110101 0.000000
20110102 163.000000
20110103 149.000000
20110104 118.000000
20110105 123.000000
20110106 145.000000
20110107 153.000000
20110108 184.000000
20110109 183.000000
20110110 138.000000
20110111 123.000000
20110112 108.000000
20110113 107.000000
20110114 104.000000
20110115 135.000000
20110116 163.000000
20110117 168.000000
20110118 105.000000
20110119 113.000000
20110120 89.000000
20110121 97.000000
20110122 118.000000
20110123 172.000000
20110124 140.000000
20110125 94.000000
20110126 98.000000
20110127 86.000000
20110128 112.000000
20110129 132.000000
20110130 195.000000
20110131 97.000000
20110201 93.000000
20110202 74.000000
20110203 95.000000
20110204 93.000000
20110205 108.000000
20110206 137.000000
20110207 155.000000
20110208 128.000000
20110209 118.000000
20110210 103.000000
20110211 116.000000
20110212 150.000000
20110213 141.000000
20110214 122.000000
20110215 117.000000
20110216 112.000000
20110217 94.000000
20110218 118.000000
20110219 160.000000
20110220 158.000000
20110221 126.000000
20110222 147.000000
20110223 117.000000
20110224 93.000000
20110225 127.000000
20110226 127.000000
20110227 191.000000
20110228 126.000000
20110301 102.000000
20110302 117.000000
20110303 88.000000
20110304 82.000000
20110305 106.000000
20110306 195.000000
20110307 152.000000
20110308 104.000000
20110309 84.000000
20110310 140.000000
20110311 134.000000
20110312 149.000000
20110313 175.000000
20110314 166.000000
20110315 114.000000
20110316 111.000000
20110317 109.000000
20110318 137.000000
20110319 158.000000
20110320 178.000000
20110321 150.000000
20110322 80.000000
20110323 130.000000
20110324 107.000000
20110325 126.000000
20110326 162.000000
20110327 205.000000
20110328 135.000000
20110329 126.000000
20110330 96.000000
20110331 85.000000
20110401 114.000000
20110402 154.000000
20110403 192.000000
20110404 156.000000
20110405 137.000000
20110406 112.000000
20110407 154.000000
20110408 136.000000
20110409 156.000000
20110410 177.000000
20110411 135.000000
20110412 135.000000
20110413 117.000000
20110414 142.000000
20110415 108.000000
20110416 143.000000
20110417 194.000000
20110418 134.000000
20110419 134.000000
20110420 119.000000
20110421 125.000000
20110422 152.000000
20110423 166.000000
20110424 0.000000
20110425 143.000000
20110426 135.000000
20110427 108.000000
20110428 97.000000
20110429 130.000000
20110430 130.000000
20110501 162.000000
20110502 148.000000
20110503 120.000000
20110504 123.000000
20110505 101.000000
20110506 115.000000
20110507 149.000000
20110508 154.000000
20110509 148.000000
20110510 102.000000
20110511 107.000000
20110512 143.000000
20110513 127.000000
20110514 133.000000
20110515 189.000000
20110516 149.000000
20110517 118.000000
20110518 128.000000
20110519 116.000000
20110520 174.000000
20110521 202.000000
20110522 256.000000
20110523 150.000000
20110524 109.000000
20110525 130.000000
20110526 110.000000
20110527 137.000000
20110528 164.000000
20110529 165.000000
20110530 0.000000
20110531 190.000000
20110601 141.000000
20110602 98.000000
20110603 154.000000
20110604 169.000000
20110605 175.000000
20110606 130.000000
20110607 135.000000
20110608 124.000000
20110609 140.000000
20110610 126.000000
20110611 136.000000
20110612 174.000000
20110613 143.000000
20110614 113.000000
20110615 104.000000
20110616 121.000000
20110617 135.000000
20110618 116.000000
20110619 131.000000
20110620 132.000000
20110621 91.000000
20110622 103.000000
20110623 102.000000
20110624 116.000000
20110625 120.000000
20110626 136.000000
20110627 129.000000
20110628 119.000000
20110629 113.000000
20110630 137.000000
20110701 124.000000
20110702 94.000000
20110703 139.000000
20110704 0.000000
20110705 156.000000
20110706 106.000000
20110707 113.000000
20110708 126.000000
20110709 108.000000
20110710 164.000000
20110711 138.000000
20110712 104.000000
20110713 119.000000
20110714 161.000000
20110715 120.000000
20110716 82.000000
20110717 169.000000
20110718 162.000000
20110719 115.000000
20110720 119.000000
20110721 100.000000
20110722 123.000000
20110723 124.000000
20110724 106.000000
20110725 116.000000
20110726 131.000000
20110727 83.000000
20110728 109.000000
20110729 100.000000
20110730 92.000000
20110731 153.000000
20110801 131.000000
20110802 125.000000
20110803 110.000000
20110804 109.000000
20110805 120.000000
20110806 117.000000
20110807 166.000000
20110808 141.000000
20110809 96.000000
20110810 127.000000
20110811 188.000000
20110812 182.000000
20110813 169.000000
20110814 209.000000
20110815 127.000000
20110816 120.000000
20110817 108.000000
20110818 136.000000
20110819 141.000000
20110820 156.000000
20110821 189.000000
20110822 146.000000
20110823 137.000000
20110824 107.000000
20110825 118.000000
20110826 102.000000
20110827 115.000000
20110828 163.000000
20110829 116.000000
20110830 106.000000
20110831 100.000000
20110901 96.000000
20110902 123.000000
20110903 140.000000
20110904 123.000000
20110905 0.000000
20110906 165.000000
20110907 158.000000
20110908 120.000000
20110909 130.000000
20110910 145.000000
20110911 188.000000
20110912 137.000000
20110913 101.000000
20110914 85.000000
20110915 129.000000
20110916 123.000000
20110917 120.000000
20110918 166.000000
20110919 130.000000
20110920 111.000000
20110921 99.000000
20110922 90.000000
20110923 92.000000
20110924 167.000000
20110925 173.000000
20110926 106.000000
20110927 89.000000
20110928 104.000000
20110929 83.000000
20110930 95.000000
20111001 125.000000
20111002 154.000000
20111003 118.000000
20111004 135.000000
20111005 129.000000
20111006 136.000000
20111007 123.000000
20111008 155.000000
20111009 173.000000
20111010 136.000000
20111011 101.000000
20111012 90.000000
20111013 118.000000
20111014 112.000000
20111015 120.000000
20111016 161.000000
20111017 130.000000
20111018 125.000000
20111019 110.000000
20111020 121.000000
20111021 105.000000
20111022 122.000000
20111023 181.000000
20111024 146.000000
20111025 105.000000
20111026 107.000000
20111027 101.000000
20111028 100.000000
20111029 127.000000
20111030 185.000000
20111031 135.000000
20111101 139.000000
20111102 101.000000
20111103 110.000000
20111104 131.000000
20111105 156.000000
20111106 187.000000
20111107 131.000000
20111108 103.000000
20111109 106.000000
20111110 119.000000
20111111 111.000000
20111112 156.000000
20111113 164.000000
20111114 126.000000
20111115 116.000000
20111116 100.000000
20111117 96.000000
20111118 126.000000
20111119 151.000000
20111120 184.000000
20111121 171.000000
20111122 145.000000
20111123 70.000000
20111124 0.000000
20111125 96.000000
20111126 103.000000
20111127 171.000000
20111128 119.000000
20111129 113.000000
20111130 105.000000
20111201 102.000000
20111202 103.000000
20111203 135.000000
20111204 165.000000
20111205 138.000000
20111206 153.000000
20111207 133.000000
20111208 127.000000
20111209 119.000000
20111210 153.000000
20111211 189.000000
20111212 172.000000
20111213 153.000000
20111214 148.000000
20111215 128.000000
20111216 135.000000
20111217 168.000000
20111218 218.000000
20111219 154.000000
20111220 114.000000
20111221 156.000000
20111222 177.000000
20111223 236.000000
20111224 138.000000
20111225 0.000000
20111226 127.000000
20111227 143.000000
20111228 116.000000
20111229 129.000000
20111230 152.000000
20111231 173.000000
20120101 0.000000
20120102 291.000000
20120103 209.000000
20120104 203.000000
20120105 140.000000
20120106 147.000000
20120107 182.000000
20120108 209.000000
20120109 221.000000
20120110 148.000000
20120111 144.000000
20120112 144.000000
20120113 132.000000
20120114 153.000000
20120115 188.000000
20120116 166.000000
20120117 160.000000
20120118 144.000000
20120119 132.000000
20120120 134.000000
20120121 173.000000
20120122 171.000000
20120123 114.000000
20120124 125.000000
20120125 126.000000
20120126 117.000000
20120127 125.000000
20120128 130.000000
20120129 170.000000
20120130 118.000000
20120131 82.000000
20120201 126.000000
20120202 150.000000
20120203 127.000000
20120204 175.000000
20120205 190.000000
20120206 177.000000
20120207 138.000000
20120208 158.000000
20120209 155.000000
20120210 151.000000
20120211 196.000000
20120212 207.000000
20120213 169.000000
20120214 123.000000
20120215 122.000000
20120216 124.000000
20120217 133.000000
20120218 174.000000
20120219 198.000000
20120220 188.000000
20120221 149.000000
20120222 137.000000
20120223 114.000000
20120224 133.000000
20120225 185.000000
20120226 240.000000
20120227 165.000000
20120228 145.000000
20120229 113.000000
20120301 150.000000
20120302 122.000000
20120303 165.000000
20120304 220.000000
20120305 198.000000
20120306 186.000000
20120307 118.000000
20120308 169.000000
20120309 155.000000
20120310 207.000000
20120311 237.000000
20120312 178.000000
20120313 151.000000
20120314 168.000000
20120315 131.000000
20120316 151.000000
20120317 171.000000
20120318 259.000000
20120319 185.000000
20120320 134.000000
20120321 152.000000
20120322 128.000000
20120323 137.000000
20120324 173.000000
20120325 202.000000
20120326 157.000000
20120327 161.000000
20120328 152.000000
20120329 161.000000
20120330 144.000000
20120331 204.000000
20120401 234.000000
20120402 161.000000
20120403 140.000000
20120404 170.000000
20120405 138.000000
20120406 163.000000
20120407 172.000000
20120408 0.000000
20120409 181.000000
20120410 178.000000
20120411 141.000000
20120412 168.000000
20120413 159.000000
20120414 186.000000
20120415 211.000000
20120416 148.000000
20120417 150.000000
20120418 127.000000
20120419 140.000000
20120420 138.000000
20120421 134.000000
20120422 188.000000
20120423 158.000000
20120424 132.000000
20120425 140.000000
20120426 144.000000
20120427 117.000000
20120428 135.000000
20120429 168.000000
20120430 153.000000
20120501 141.000000
20120502 141.000000
20120503 154.000000
20120504 137.000000
20120505 161.000000
20120506 191.000000
20120507 162.000000
20120508 143.000000
20120509 116.000000
20120510 194.000000
20120511 146.000000
20120512 165.000000
20120513 203.000000
20120514 184.000000
20120515 139.000000
20120516 151.000000
20120517 126.000000
20120518 130.000000
20120519 111.000000
20120520 220.000000
20120521 160.000000
20120522 143.000000
20120523 132.000000
20120524 139.000000
20120525 142.000000
20120526 145.000000
20120527 175.000000
20120528 0.000000
20120529 177.000000
20120530 146.000000
20120531 122.000000
20120601 130.000000
20120602 165.000000
20120603 208.000000
20120604 147.000000
20120605 156.000000
20120606 181.000000
20120607 108.000000
20120608 143.000000
20120609 140.000000
20120610 189.000000
20120611 169.000000
20120612 161.000000
20120613 121.000000
20120614 141.000000
20120615 107.000000
20120616 145.000000
20120617 139.000000
20120618 151.000000
20120619 159.000000
20120620 148.000000
20120621 146.000000
20120622 126.000000
20120623 136.000000
20120624 185.000000
20120625 164.000000
20120626 152.000000
20120627 131.000000
20120628 133.000000
20120629 153.000000
20120630 121.000000
20120701 180.000000
20120702 153.000000
20120703 150.000000
20120704 0.000000
20120705 183.000000
20120706 180.000000
20120707 134.000000
20120708 186.000000
20120709 148.000000
20120710 145.000000
20120711 121.000000
20120712 153.000000
20120713 146.000000
20120714 149.000000
20120715 171.000000
20120716 181.000000
20120717 129.000000
20120718 120.000000
20120719 103.000000
20120720 121.000000
20120721 145.000000
20120722 189.000000
20120723 181.000000
20120724 139.000000
20120725 123.000000
20120726 117.000000
20120727 95.000000
20120728 132.000000
20120729 174.000000
20120730 291.000000
20120731 300.000000
20120801 243.000000
20120802 306.000000
20120803 140.000000
20120804 150.000000
20120805 212.000000
20120806 142.000000
20120807 145.000000
20120808 149.000000
20120809 117.000000
20120810 132.000000
20120811 124.000000
20120812 134.000000
20120813 146.000000
20120814 121.000000
20120815 126.000000
20120816 161.000000
20120817 140.000000
20120818 175.000000
20120819 214.000000
20120820 167.000000
20120821 149.000000
20120822 142.000000
20120823 104.000000
20120824 116.000000
20120825 154.000000
20120826 211.000000
20120827 157.000000
20120828 140.000000
20120829 129.000000
20120830 121.000000
20120831 151.000000
20120901 117.000000
20120902 145.000000
20120903 0.000000
20120904 176.000000
20120905 162.000000
20120906 169.000000
20120907 121.000000
20120908 168.000000
20120909 218.000000
20120910 163.000000
20120911 122.000000
20120912 124.000000
20120913 151.000000
20120914 146.000000
20120915 181.000000
20120916 230.000000
20120917 160.000000
20120918 161.000000
20120919 150.000000
20120920 134.000000
20120921 141.000000
20120922 175.000000
20120923 214.000000
20120924 134.000000
20120925 119.000000
20120926 123.000000
20120927 120.000000
20120928 108.000000
20120929 157.000000
20120930 173.000000
20121001 141.000000
20121002 136.000000
20121003 129.000000
20121004 114.000000
20121005 137.000000
20121006 188.000000
20121007 206.000000
20121008 181.000000
20121009 148.000000
20121010 155.000000
20121011 135.000000
20121012 126.000000
20121013 188.000000
20121014 253.000000
20121015 180.000000
20121016 166.000000
20121017 123.000000
20121018 136.000000
20121019 115.000000
20121020 143.000000
20121021 185.000000
20121022 194.000000
20121023 159.000000
20121024 162.000000
20121025 171.000000
20121026 123.000000
20121027 148.000000
20121028 173.000000
20121029 159.000000
20121030 160.000000
20121031 132.000000
20121101 127.000000
20121102 147.000000
20121103 174.000000
20121104 236.000000
20121105 188.000000
20121106 174.000000
20121107 146.000000
20121108 160.000000
20121109 148.000000
20121110 208.000000
20121111 251.000000
20121112 178.000000
20121113 123.000000
20121114 144.000000
20121115 109.000000
20121116 152.000000
20121117 170.000000
20121118 243.000000
20121119 196.000000
20121120 171.000000
20121121 208.000000
20121122 0.000000
20121123 108.000000
20121124 108.000000
20121125 199.000000
20121126 156.000000
20121127 126.000000
20121128 125.000000
20121129 125.000000
20121130 141.000000
20121201 199.000000
20121202 220.000000
20121203 184.000000
20121204 167.000000
20121205 138.000000
20121206 166.000000
20121207 151.000000
20121208 228.000000
20121209 255.000000
20121210 200.000000
20121211 148.000000
20121212 149.000000
20121213 134.000000
20121214 142.000000
20121215 188.000000
20121216 217.000000
20121217 167.000000
20121218 195.000000
20121219 158.000000
20121220 176.000000
20121221 169.000000
20121222 211.000000
20121223 223.000000
20121224 217.000000
20121225 0.000000
20121226 156.000000
20121227 163.000000
20121228 153.000000
20121229 185.000000
20121230 189.000000
20121231 179.000000
20130101 0.000000
20130102 228.000000
20130103 215.000000
20130104 182.000000
20130105 230.000000
20130106 259.000000
20130107 223.000000
20130108 188.000000
20130109 188.000000
20130110 180.000000
20130111 167.000000
20130112 219.000000
20130113 232.000000
20130114 226.000000
20130115 174.000000
20130116 140.000000
20130117 166.000000
20130118 149.000000
20130119 197.000000
20130120 217.000000
20130121 218.000000
20130122 155.000000
20130123 148.000000
20130124 140.000000
20130125 151.000000
20130126 162.000000
20130127 249.000000
20130128 175.000000
20130129 126.000000
20130130 119.000000
20130131 143.000000
20130201 154.000000
20130202 179.000000
20130203 208.000000
20130204 193.000000
20130205 160.000000
20130206 165.000000
20130207 172.000000
20130208 156.000000
20130209 153.000000
20130210 184.000000
20130211 176.000000
20130212 159.000000
20130213 137.000000
20130214 103.000000
20130215 139.000000
20130216 192.000000
20130217 226.000000
20130218 210.000000
20130219 161.000000
20130220 154.000000
20130221 154.000000
20130222 127.000000
20130223 178.000000
20130224 239.000000
20130225 178.000000
20130226 152.000000
20130227 136.000000
20130228 135.000000
20130301 137.000000
20130302 210.000000
20130303 266.000000
20130304 207.000000
20130305 172.000000
20130306 150.000000
20130307 168.000000
20130308 182.000000
20130309 233.000000
20130310 247.000000
20130311 210.000000
20130312 173.000000
20130313 131.000000
20130314 152.000000
20130315 137.000000
20130316 161.000000
20130317 225.000000
20130318 171.000000
20130319 135.000000
20130320 177.000000
20130321 145.000000
20130322 114.000000
20130323 164.000000
20130324 222.000000
20130325 163.000000
20130326 146.000000
20130327 154.000000
20130328 121.000000
20130329 180.000000
20130330 199.000000
20130331 0.000000
20130401 339.000000
20130402 345.000000
20130403 308.000000
20130404 337.000000
20130405 136.000000
20130406 205.000000
20130407 212.000000
20130408 183.000000
20130409 184.000000
20130410 148.000000
20130411 182.000000
20130412 184.000000
20130413 179.000000
20130414 210.000000
20130415 195.000000
20130416 185.000000
20130417 136.000000
20130418 118.000000
20130419 122.000000
20130420 160.000000
20130421 235.000000
20130422 195.000000
20130423 167.000000
20130424 132.000000
20130425 122.000000
20130426 147.000000
20130427 132.000000
20130428 189.000000
20130429 143.000000
20130430 152.000000
20130501 164.000000
20130502 173.000000
20130503 163.000000
20130504 149.000000
20130505 226.000000
20130506 171.000000
20130507 157.000000
20130508 139.000000
20130509 217.000000
20130510 233.000000
20130511 238.000000
20130512 177.000000
20130513 186.000000
20130514 182.000000
20130515 153.000000
20130516 154.000000
20130517 174.000000
20130518 167.000000
20130519 206.000000
20130520 193.000000
20130521 146.000000
20130522 148.000000
20130523 136.000000
20130524 148.000000
20130525 146.000000
20130526 168.000000
20130527 0.000000
20130528 218.000000
20130529 151.000000
20130530 161.000000
20130531 151.000000
20130601 149.000000
20130602 233.000000
20130603 193.000000
20130604 166.000000
20130605 166.000000
20130606 207.000000
20130607 236.000000
20130608 258.000000
20130609 342.000000
20130610 222.000000
20130611 166.000000
20130612 170.000000
20130613 210.000000
20130614 155.000000
20130615 176.000000
20130616 197.000000
20130617 215.000000
20130618 167.000000
20130619 161.000000
20130620 163.000000
20130621 133.000000
20130622 149.000000
20130623 171.000000
20130624 196.000000
20130625 166.000000
20130626 141.000000
20130627 188.000000
20130628 131.000000
20130629 131.000000
20130630 215.000000
20130701 172.000000
20130702 163.000000
20130703 179.000000
20130704 0.000000
20130705 200.000000
20130706 142.000000
20130707 190.000000
20130708 198.000000
20130709 146.000000
20130710 130.000000
20130711 173.000000
20130712 127.000000
20130713 124.000000
20130714 179.000000
20130715 159.000000
20130716 154.000000
20130717 162.000000
20130718 175.000000
20130719 140.000000
20130720 171.000000
20130721 183.000000
20130722 187.000000
20130723 126.000000
20130724 147.000000
20130725 130.000000
20130726 157.000000
20130727 154.000000
20130728 184.000000
20130729 145.000000
20130730 158.000000
20130731 162.000000
20130801 146.000000
20130802 176.000000
20130803 165.000000
20130804 219.000000
20130805 198.000000
20130806 156.000000
20130807 165.000000
20130808 178.000000
20130809 158.000000
20130810 157.000000
20130811 207.000000
20130812 175.000000
20130813 133.000000
20130814 158.000000
20130815 181.000000
20130816 177.000000
20130817 185.000000
20130818 246.000000
20130819 198.000000
20130820 160.000000
20130821 152.000000
20130822 141.000000
20130823 145.000000
20130824 141.000000
20130825 216.000000
20130826 183.000000
20130827 150.000000
20130828 150.000000
20130829 122.000000
20130830 156.000000
20130831 156.000000
20130901 204.000000
20130902 0.000000
20130903 207.000000
20130904 131.000000
20130905 146.000000
20130906 158.000000
20130907 168.000000
20130908 181.000000
20130909 230.000000
20130910 173.000000
20130911 131.000000
20130912 152.000000
20130913 149.000000
20130914 171.000000
20130915 190.000000
20130916 176.000000
20130917 152.000000
20130918 155.000000
20130919 75.000000
20130920 151.000000
20130921 161.000000
20130922 221.000000
20130923 175.000000
20130924 184.000000
20130925 138.000000
20130926 132.000000
20130927 165.000000
20130928 146.000000
20130929 238.000000
20130930 172.000000
20131001 157.000000
20131002 149.000000
20131003 162.000000
20131004 162.000000
20131005 158.000000
20131006 209.000000
20131007 203.000000
20131008 187.000000
20131009 171.000000
20131010 148.000000
20131011 153.000000
20131012 125.000000
20131013 189.000000
20131014 204.000000
20131015 143.000000
20131016 128.000000
20131017 114.000000
20131018 136.000000
20131019 180.000000
20131020 213.000000
20131021 153.000000
20131022 152.000000
20131023 161.000000
20131024 142.000000
20131025 146.000000
20131026 166.000000
20131027 251.000000
20131028 183.000000
20131029 137.000000
20131030 168.000000
20131031 133.000000
20131101 135.000000
20131102 204.000000
20131103 247.000000
20131104 200.000000
20131105 153.000000
20131106 185.000000
20131107 153.000000
20131108 171.000000
20131109 236.000000
20131110 248.000000
20131111 188.000000
20131112 160.000000
20131113 164.000000
20131114 173.000000
20131115 136.000000
20131116 186.000000
20131117 246.000000
20131118 202.000000
20131119 134.000000
20131120 140.000000
20131121 138.000000
20131122 143.000000
20131123 186.000000
20131124 190.000000
20131125 162.000000
20131126 220.000000
20131127 201.000000
20131128 0.000000
20131129 129.000000
20131130 146.000000
20131201 187.000000
20131202 148.000000
20131203 140.000000
20131204 158.000000
20131205 185.000000
20131206 144.000000
20131207 215.000000
20131208 263.000000
20131209 224.000000
20131210 198.000000
20131211 182.000000
20131212 90.000000
20131213 163.000000
20131214 186.000000
20131215 232.000000
20131216 213.000000
20131217 193.000000
20131218 148.000000
20131219 160.000000
20131220 164.000000
20131221 176.000000
20131222 204.000000
20131223 265.000000
20131224 162.000000
20131225 0.000000
20131226 163.000000
20131227 173.000000
20131228 151.000000
20131229 195.000000
20131230 233.000000
20131231 188.000000
20140101 0.000000
20140102 176.000000
20140103 199.000000
20140104 221.000000
20140105 259.000000
20140106 197.000000
20140107 175.000000
20140108 183.000000
20140109 188.000000
20140110 177.000000
20140111 208.000000
20140112 234.000000
20140113 200.000000
20140114 145.000000
20140115 137.000000
20140116 128.000000
20140117 128.000000
20140118 217.000000
20140119 236.000000
20140120 199.000000
20140121 143.000000
20140122 155.000000
20140123 140.000000
20140124 161.000000
20140125 182.000000
20140126 220.000000
20140127 165.000000
20140128 121.000000
20140129 133.000000
20140130 110.000000
20140131 111.000000
20140201 137.000000
20140202 188.000000
20140203 183.000000
20140204 176.000000
20140205 170.000000
20140206 177.000000
20140207 154.000000
20140208 221.000000
20140209 218.000000
20140210 219.000000
20140211 187.000000
20140212 179.000000
20140213 159.000000
20140214 140.000000
20140215 170.000000
20140216 216.000000
20140217 200.000000
20140218 191.000000
20140219 154.000000
20140220 154.000000
20140221 162.000000
20140222 185.000000
20140223 243.000000
20140224 190.000000
20140225 168.000000
20140226 130.000000
20140227 169.000000
20140228 158.000000
20140301 245.000000
20140302 249.000000
20140303 196.000000
20140304 163.000000
20140305 173.000000
20140306 227.000000
20140307 180.000000
20140308 226.000000
20140309 248.000000
20140310 220.000000
20140311 185.000000
20140312 157.000000
20140313 141.000000
20140314 147.000000
20140315 159.000000
20140316 246.000000
20140317 202.000000
20140318 184.000000
20140319 139.000000
20140320 172.000000
20140321 137.000000
20140322 182.000000
20140323 248.000000
20140324 205.000000
20140325 206.000000
20140326 173.000000
20140327 138.000000
20140328 165.000000
20140329 199.000000
20140330 241.000000
20140331 191.000000
20140401 171.000000
20140402 193.000000
20140403 164.000000
20140404 164.000000
20140405 197.000000
20140406 229.000000
20140407 193.000000
20140408 179.000000
20140409 160.000000
20140410 192.000000
20140411 161.000000
20140412 218.000000
20140413 259.000000
20140414 192.000000
20140415 198.000000
20140416 141.000000
20140417 156.000000
20140418 154.000000
20140419 152.000000
20140420 0.000000
20140421 222.000000
20140422 200.000000
20140423 176.000000
20140424 159.000000
20140425 140.000000
20140426 172.000000
20140427 253.000000
20140428 193.000000
20140429 129.000000
20140430 117.000000
20140501 146.000000
20140502 166.000000
20140503 175.000000
20140504 205.000000
20140505 233.000000
20140506 170.000000
20140507 172.000000
20140508 179.000000
20140509 162.000000
20140510 193.000000
20140511 164.000000
20140512 221.000000
20140513 184.000000
20140514 154.000000
20140515 139.000000
20140516 133.000000
20140517 190.000000
20140518 221.000000
20140519 190.000000
20140520 162.000000
20140521 155.000000
20140522 169.000000
20140523 144.000000
20140524 145.000000
20140525 154.000000
20140526 0.000000
20140527 232.000000
20140528 162.000000
20140529 139.000000
20140530 141.000000
20140531 169.000000
20140601 215.000000
20140602 176.000000
20140603 141.000000
20140604 141.000000
20140605 155.000000
20140606 151.000000
20140607 164.000000
20140608 193.000000
20140609 207.000000
20140610 190.000000
20140611 155.000000
20140612 162.000000
20140613 127.000000
20140614 152.000000
20140615 163.000000
20140616 185.000000
20140617 171.000000
20140618 118.000000
20140619 145.000000
20140620 146.000000
20140621 178.000000
20140622 191.000000
20140623 203.000000
20140624 171.000000
20140625 171.000000
20140626 137.000000
20140627 132.000000
20140628 152.000000
20140629 182.000000
20140630 165.000000
20140701 157.000000
20140702 209.000000
20140703 195.000000
20140704 0.000000
20140705 174.000000
20140706 219.000000
20140707 180.000000
20140708 178.000000
20140709 164.000000
20140710 188.000000
20140711 182.000000
20140712 143.000000
20140713 164.000000
20140714 176.000000
20140715 149.000000
20140716 145.000000
20140717 150.000000
20140718 135.000000
20140719 153.000000
20140720 195.000000
20140721 185.000000
20140722 157.000000
20140723 129.000000
20140724 136.000000
20140725 89.000000
20140726 141.000000
20140727 149.000000
20140728 145.000000
20140729 160.000000
20140730 137.000000
20140731 137.000000
20140801 132.000000
20140802 153.000000
20140803 213.000000
20140804 179.000000
20140805 153.000000
20140806 149.000000
20140807 188.000000
20140808 151.000000
20140809 161.000000
20140810 238.000000
20140811 204.000000
20140812 157.000000
20140813 186.000000
20140814 146.000000
20140815 118.000000
20140816 190.000000
20140817 241.000000
20140818 216.000000
20140819 190.000000
20140820 161.000000
20140821 143.000000
20140822 162.000000
20140823 158.000000
20140824 229.000000
20140825 194.000000
20140826 164.000000
20140827 175.000000
20140828 136.000000
20140829 148.000000
20140830 144.000000
20140831 188.000000
20140901 0.000000
20140902 234.000000
20140903 187.000000
20140904 194.000000
20140905 166.000000
20140906 187.000000
20140907 231.000000
20140908 223.000000
20140909 176.000000
20140910 165.000000
20140911 139.000000
20140912 142.000000
20140913 156.000000
20140914 234.000000
20140915 184.000000
20140916 190.000000
20140917 146.000000
20140918 139.000000
20140919 132.000000
20140920 159.000000
20140921 206.000000
20140922 175.000000
20140923 147.000000
20140924 125.000000
20140925 160.000000
20140926 125.000000
20140927 141.000000
20140928 222.000000
20140929 120.000000
20140930 144.000000
20141001 141.000000
20141002 157.000000
20141003 166.000000
20141004 170.000000
20141005 218.000000
20141006 199.000000
20141007 189.000000
20141008 158.000000
20141009 148.000000
20141010 163.000000
20141011 139.000000
20141012 209.000000
20141013 167.000000
20141014 153.000000
20141015 154.000000
20141016 159.000000
20141017 146.000000
20141018 154.000000
20141019 216.000000
20141020 191.000000
20141021 194.000000
20141022 166.000000
20141023 122.000000
20141024 131.000000
20141025 187.000000
20141026 235.000000
20141027 198.000000
20141028 147.000000
20141029 139.000000
20141030 151.000000
20141031 123.000000
20141101 243.000000
20141102 246.000000
20141103 207.000000
20141104 192.000000
20141105 192.000000
20141106 165.000000
20141107 148.000000
20141108 220.000000
20141109 235.000000
20141110 254.000000
20141111 202.000000
20141112 157.000000
20141113 158.000000
20141114 141.000000
20141115 209.000000
20141116 282.000000
20141117 203.000000
20141118 152.000000
20141119 157.000000
20141120 158.000000
20141121 216.000000
20141122 166.000000
20141123 225.000000
20141124 220.000000
20141125 208.000000
20141126 149.000000
20141127 0.000000
20141128 136.000000
20141129 183.000000
20141130 221.000000
20141201 190.000000
20141202 139.000000
20141203 157.000000
20141204 175.000000
20141205 156.000000
20141206 196.000000
20141207 260.000000
20141208 205.000000
20141209 218.000000
20141210 244.000000
20141211 97.000000
20141212 200.000000
20141213 215.000000
20141214 247.000000
20141215 210.000000
20141216 192.000000
20141217 196.000000
20141218 166.000000
20141219 161.000000
20141220 205.000000
20141221 233.000000
20141222 254.000000
20141223 192.000000
20141224 141.000000
20141225 0.000000
20141226 177.000000
20141227 136.000000
20141228 138.000000
20141229 180.000000
20141230 255.000000
20141231 178.000000
20150101 0.000000
20150102 178.000000
20150103 222.000000
20150104 283.000000
20150105 193.000000
20150106 181.000000
20150107 222.000000
20150108 188.000000
20150109 172.000000
20150110 198.000000
20150111 248.000000
20150112 237.000000
20150113 171.000000
20150114 174.000000
20150115 163.000000
20150116 169.000000
20150117 174.000000
20150118 264.000000
20150119 214.000000
20150120 216.000000
20150121 177.000000
20150122 196.000000
20150123 150.000000
20150124 192.000000
20150125 255.000000
20150126 186.000000
20150127 162.000000
20150128 132.000000
20150129 145.000000
20150130 169.000000
20150131 212.000000
20150201 175.000000
20150202 219.000000
20150203 176.000000
20150204 191.000000
20150205 176.000000
20150206 166.000000
20150207 254.000000
20150208 261.000000
20150209 247.000000
20150210 224.000000
20150211 191.000000
20150212 155.000000
20150213 186.000000
20150214 180.000000
20150215 194.000000
20150216 210.000000
20150217 206.000000
20150218 150.000000
20150219 147.000000
20150220 138.000000
20150221 145.000000
20150222 223.000000
20150223 198.000000
20150224 184.000000
20150225 179.000000
20150226 163.000000
20150227 142.000000
20150228 177.000000
20150301 228.000000
20150302 181.000000
20150303 208.000000
20150304 188.000000
20150305 206.000000
20150306 198.000000
20150307 211.000000
20150308 208.000000
20150309 372.000000
20150310 195.000000
20150311 174.000000
20150312 176.000000
20150313 150.000000
20150314 202.000000
20150315 231.000000
20150316 210.000000
20150317 176.000000
20150318 149.000000
20150319 121.000000
20150320 139.000000
20150321 180.000000
20150322 249.000000
20150323 208.000000
20150324 158.000000
20150325 152.000000
20150326 136.000000
20150327 173.000000
20150328 154.000000
20150329 201.000000
20150330 181.000000
20150331 193.000000
20150401 161.000000
20150402 165.000000
20150403 187.000000
20150404 184.000000
20150405 0.000000
20150406 250.000000
20150407 204.000000
20150408 218.000000
20150409 627.000000
20150410 536.000000
20150411 518.000000
20150412 681.000000
20150413 571.000000
20150414 506.000000
20150415 482.000000
20150416 403.000000
20150417 414.000000
20150418 580.000000
20150419 541.000000
20150420 596.000000
20150421 438.000000
20150422 378.000000
20150423 404.000000
20150424 397.000000
20150425 461.000000
20150426 498.000000
20150427 414.000000
20150428 338.000000
20150429 328.000000
20150430 274.000000
20150501 355.000000
20150502 415.000000
20150503 522.000000
20150504 200.000000
20150505 153.000000
20150506 151.000000
20150507 171.000000
20150508 190.000000
20150509 174.000000
20150510 173.000000
20150511 256.000000
20150512 178.000000
20150513 173.000000
20150514 156.000000
20150515 158.000000
20150516 209.000000
20150517 227.000000
20150518 217.000000
20150519 176.000000
20150520 174.000000
20150521 161.000000
20150522 167.000000
20150523 188.000000
20150524 177.000000
20150525 0.000000
20150526 243.000000
20150527 212.000000
20150528 170.000000
20150529 140.000000
20150530 173.000000
20150531 217.000000
20150601 209.000000
20150602 204.000000
20150603 158.000000
20150604 169.000000
20150605 186.000000
20150606 191.000000
20150607 188.000000
20150608 221.000000
20150609 166.000000
20150610 188.000000
20150611 162.000000
20150612 177.000000
20150613 153.000000
20150614 200.000000
20150615 181.000000
20150616 178.000000
20150617 194.000000
20150618 166.000000
20150619 143.000000
20150620 168.000000
20150621 165.000000
20150622 181.000000
20150623 175.000000
20150624 135.000000
20150625 145.000000
20150626 122.000000
20150627 155.000000
20150628 205.000000
20150629 193.000000
20150630 173.000000
20150701 177.000000
20150702 179.000000
20150703 204.000000
20150704 0.000000
20150705 216.000000
20150706 250.000000
20150707 178.000000
20150708 177.000000
20150709 206.000000
20150710 168.000000
20150711 194.000000
20150712 202.000000
20150713 208.000000
20150714 187.000000
20150715 184.000000
20150716 174.000000
20150717 157.000000
20150718 167.000000
20150719 219.000000
20150720 217.000000
20150721 185.000000
20150722 163.000000
20150723 163.000000
20150724 160.000000
20150725 172.000000
20150726 220.000000
20150727 240.000000
20150728 148.000000
20150729 136.000000
20150730 150.000000
20150731 145.000000
20150801 144.000000
20150802 224.000000
20150803 237.000000
20150804 194.000000
20150805 187.000000
20150806 216.000000
20150807 163.000000
20150808 165.000000
20150809 234.000000
20150810 224.000000
20150811 211.000000
20150812 201.000000
20150813 166.000000
20150814 168.000000
20150815 201.000000
20150816 231.000000
20150817 234.000000
20150818 203.000000
20150819 188.000000
20150820 174.000000
20150821 156.000000
20150822 210.000000
20150823 238.000000
20150824 238.000000
20150825 153.000000
20150826 180.000000
20150827 142.000000
20150828 117.000000
20150829 188.000000
20150830 245.000000
20150831 185.000000
20150901 127.000000
20150902 152.000000
20150903 206.000000
20150904 167.000000
20150905 169.000000
20150906 215.000000
20150907 0.000000
20150908 278.000000
20150909 212.000000
20150910 165.000000
20150911 159.000000
20150912 206.000000
20150913 228.000000
20150914 218.000000
20150915 173.000000
20150916 132.000000
20150917 173.000000
20150918 154.000000
20150919 172.000000
20150920 246.000000
20150921 198.000000
20150922 128.000000
20150923 209.000000
20150924 149.000000
20150925 129.000000
20150926 195.000000
20150927 206.000000
20150928 202.000000
20150929 155.000000
20150930 141.000000
20151001 183.000000
20151002 163.000000
20151003 237.000000
20151004 234.000000
20151005 248.000000
20151006 184.000000
20151007 163.000000
20151008 186.000000
20151009 180.000000
20151010 207.000000
20151011 269.000000
20151012 233.000000
20151013 202.000000
20151014 162.000000
20151015 148.000000
20151016 133.000000
20151017 189.000000
20151018 268.000000
20151019 217.000000
20151020 170.000000
20151021 160.000000
20151022 154.000000
20151023 151.000000
20151024 206.000000
20151025 256.000000
20151026 197.000000
20151027 164.000000
20151028 146.000000
20151029 191.000000
20151030 146.000000
20151031 200.000000
20151101 260.000000
20151102 219.000000
20151103 213.000000
20151104 198.000000
20151105 171.000000
20151106 199.000000
20151107 259.000000
20151108 283.000000
20151109 289.000000
20151110 266.000000
20151111 232.000000
20151112 152.000000
20151113 195.000000
20151114 224.000000
20151115 246.000000
20151116 280.000000
20151117 219.000000
20151118 151.000000
20151119 158.000000
20151120 197.000000
20151121 203.000000
20151122 234.000000
20151123 235.000000
20151124 245.000000
20151125 297.000000
20151126 0.000000
20151127 149.000000
20151128 183.000000
20151129 232.000000
20151130 233.000000
20151201 182.000000
20151202 199.000000
20151203 173.000000
20151204 185.000000
20151205 239.000000
20151206 246.000000
20151207 223.000000
20151208 211.000000
20151209 154.000000
20151210 178.000000
20151211 187.000000
20151212 230.000000
20151213 252.000000
20151214 217.000000
20151215 189.000000
20151216 218.000000
20151217 188.000000
20151218 197.000000
20151219 181.000000
20151220 317.000000
20151221 250.000000
20151222 264.000000
20151223 292.000000
20151224 207.000000
20151225 0.000000
20151226 180.000000
20151227 217.000000
20151228 247.000000
20151229 249.000000
20151230 253.000000
20151231 232.000000
20160101 0.000000
20160102 242.000000
20160103 275.000000
20160104 189.000000
20160105 233.000000
20160106 218.000000
20160107 228.000000
20160108 193.000000
20160109 245.000000
20160110 252.000000
20160111 177.000000
20160112 227.000000
20160113 184.000000
20160114 186.000000
20160115 195.000000
20160116 253.000000
20160117 275.000000
20160118 241.000000
20160119 207.000000
20160120 168.000000
20160121 169.000000
20160122 173.000000
20160123 254.000000
20160124 250.000000
20160125 224.000000
20160126 211.000000
20160127 181.000000
20160128 202.000000
20160129 190.000000
20160130 212.000000
20160131 303.000000
20160201 233.000000
20160202 167.000000
20160203 168.000000
20160204 209.000000
20160205 221.000000
20160206 238.000000
20160207 219.000000
20160208 210.000000
20160209 189.000000
20160210 193.000000
20160211 161.000000
20160212 191.000000
20160213 192.000000
20160214 217.000000
20160215 167.000000
20160216 208.000000
20160217 129.000000
20160218 152.000000
20160219 179.000000
20160220 191.000000
20160221 236.000000
20160222 168.000000
20160223 166.000000
20160224 207.000000
20160225 179.000000
20160226 205.000000
20160227 226.000000
20160228 239.000000
20160229 218.000000
20160301 187.000000
20160302 167.000000
20160303 234.000000
20160304 197.000000
20160305 263.000000
20160306 314.000000
20160307 332.000000
20160308 247.000000
20160309 218.000000
20160310 246.000000
20160311 204.000000
20160312 270.000000
20160313 287.000000
20160314 257.000000
20160315 224.000000
20160316 191.000000
20160317 180.000000
20160318 198.000000
20160319 187.000000
20160320 308.000000
20160321 262.000000
20160322 181.000000
20160323 183.000000
20160324 196.000000
20160325 189.000000
20160326 203.000000
20160327 0.000000
20160328 267.000000
20160329 223.000000
20160330 240.000000
20160331 212.000000
20160401 234.000000
20160402 273.000000
20160403 384.000000
20160404 274.000000
20160405 210.000000
20160406 179.000000
20160407 610.000000
20160408 545.000000
20160409 616.000000
20160410 685.000000
20160411 629.000000
20160412 375.000000
20160413 407.000000
20160414 433.000000
20160415 410.000000
20160416 508.000000
20160417 539.000000
20160418 470.000000
20160419 387.000000
20160420 337.000000
20160421 431.000000
20160422 421.000000
20160423 446.000000
20160424 506.000000
20160425 452.000000
20160426 360.000000
20160427 318.000000
20160428 362.000000
20160429 397.000000
20160430 462.000000
20160501 534.000000
20160502 220.000000
20160503 187.000000
20160504 195.000000
20160505 187.000000
20160506 251.000000
20160507 270.000000
20160508 177.000000
20160509 189.000000
20160510 208.000000
20160511 156.000000
20160512 173.000000
20160513 196.000000
20160514 204.000000
20160515 266.000000
20160516 233.000000
20160517 184.000000
20160518 186.000000
20160519 185.000000
20160520 190.000000
20160521 176.000000
20160522 263.000000
20160523 214.000000
20160524 215.000000
20160525 171.000000
20160526 200.000000
20160527 222.000000
20160528 134.000000
20160529 204.000000
20160530 0.000000
20160531 192.000000
20160601 211.000000
20160602 167.000000
20160603 189.000000
20160604 167.000000
20160605 247.000000
20160606 215.000000
20160607 191.000000
20160608 197.000000
20160609 227.000000
20160610 264.000000
20160611 246.000000
20160612 276.000000
20160613 238.000000
20160614 213.000000
20160615 174.000000
20160616 183.000000
20160617 168.000000
20160618 198.000000
20160619 179.000000
20160620 272.000000
20160621 165.000000
20160622 205.000000
20160623 188.000000
20160624 202.000000
20160625 185.000000
20160626 212.000000
20160627 210.000000
20160628 181.000000
20160629 190.000000
20160630 187.000000
20160701 211.000000
20160702 202.000000
20160703 199.000000
20160704 0.000000
20160705 262.000000
20160706 233.000000
20160707 220.000000
20160708 197.000000
20160709 216.000000
20160710 244.000000
20160711 264.000000
20160712 222.000000
20160713 230.000000
20160714 193.000000
20160715 238.000000
20160716 237.000000
20160717 291.000000
20160718 242.000000
20160719 244.000000
20160720 166.000000
20160721 171.000000
20160722 199.000000
20160723 191.000000
20160724 223.000000
20160725 220.000000
20160726 201.000000
20160727 174.000000
20160728 187.000000
20160729 155.000000
20160730 191.000000
20160731 243.000000
20160801 211.000000
20160802 191.000000
20160803 176.000000
20160804 236.000000
20160805 219.000000
20160806 212.000000
20160807 263.000000
20160808 232.000000
20160809 227.000000
20160810 241.000000
20160811 236.000000
20160812 224.000000
20160813 237.000000
20160814 344.000000
20160815 250.000000
20160816 214.000000
20160817 209.000000
20160818 206.000000
20160819 186.000000
20160820 194.000000
20160821 244.000000
20160822 243.000000
20160823 249.000000
20160824 177.000000
20160825 173.000000
20160826 194.000000
20160827 254.000000
20160828 281.000000
20160829 208.000000
20160830 171.000000
20160831 201.000000
20160901 221.000000
20160902 243.000000
20160903 213.000000
20160904 218.000000
20160905 0.000000
20160906 261.000000
20160907 238.000000
20160908 202.000000
20160909 202.000000
20160910 207.000000
20160911 261.000000
20160912 265.000000
20160913 212.000000
20160914 150.000000
20160915 214.000000
20160916 166.000000
20160917 161.000000
20160918 248.000000
20160919 242.000000
20160920 191.000000
20160921 185.000000
20160922 177.000000
20160923 163.000000
20160924 179.000000
20160925 269.000000
20160926 180.000000
20160927 178.000000
20160928 161.000000
20160929 208.000000
20160930 204.000000
20161001 213.000000
20161002 288.000000
20161003 260.000000
20161004 217.000000
20161005 224.000000
20161006 201.000000
20161007 223.000000
20161008 220.000000
20161009 299.000000
20161010 191.000000
20161011 212.000000
20161012 201.000000
20161013 205.000000
20161014 211.000000
20161015 201.000000
20161016 304.000000
20161017 259.000000
20161018 233.000000
20161019 177.000000
20161020 171.000000
20161021 178.000000
20161022 234.000000
20161023 281.000000
20161024 230.000000
20161025 199.000000
20161026 165.000000
20161027 177.000000
20161028 203.000000
20161029 226.000000
20161030 267.000000
20161031 207.000000
20161101 211.000000
20161102 182.000000
20161103 211.000000
20161104 222.000000
20161105 263.000000
20161106 327.000000
20161107 216.000000
20161108 216.000000
20161109 195.000000
20161110 213.000000
20161111 209.000000
20161112 248.000000
20161113 263.000000
20161114 262.000000
20161115 198.000000
20161116 168.000000
20161117 196.000000
20161118 194.000000
20161119 235.000000
20161120 240.000000
20161121 274.000000
20161122 246.000000
20161123 270.000000
20161124 0.000000
20161125 155.000000
20161126 205.000000
20161127 280.000000
20161128 206.000000
20161129 238.000000
20161130 186.000000
20161201 217.000000
20161202 151.000000
20161203 278.000000
20161204 251.000000
20161205 240.000000
20161206 192.000000
20161207 192.000000
20161208 189.000000
20161209 243.000000
20161210 281.000000
20161211 326.000000
20161212 285.000000
20161213 216.000000
20161214 203.000000
20161215 191.000000
20161216 240.000000
20161217 246.000000
20161218 239.000000
20161219 270.000000
20161220 253.000000
20161221 217.000000
20161222 285.000000
20161223 242.000000
20161224 187.000000
20161225 0.000000
20161226 267.000000
20161227 237.000000
20161228 247.000000
20161229 235.000000
20161230 268.000000
20161231 266.000000
20170101 0.000000
20170102 332.000000
20170103 259.000000
20170104 261.000000
20170105 297.000000
20170106 246.000000
20170107 292.000000
20170108 216.000000
20170109 298.000000
20170110 231.000000
20170111 290.000000
20170112 219.000000
20170113 214.000000
20170114 281.000000
20170115 310.000000
20170116 310.000000
20170117 286.000000
20170118 247.000000
20170119 320.000000
20170120 240.000000
20170121 338.000000
20170122 330.000000
20170123 345.000000
20170124 294.000000
20170125 294.000000
20170126 239.000000
20170127 245.000000
20170128 222.000000
20170129 318.000000
20170130 270.000000
20170131 258.000000
20170201 240.000000
20170202 289.000000
20170203 249.000000
20170204 346.000000
20170205 318.000000
20170206 318.000000
20170207 286.000000
20170208 277.000000
20170209 232.000000
20170210 286.000000
20170211 356.000000
20170212 449.000000
20170213 378.000000
20170214 245.000000
20170215 284.000000
20170216 296.000000
20170217 253.000000
20170218 374.000000
20170219 337.000000
20170220 338.000000
20170221 298.000000
20170222 303.000000
20170223 298.000000
20170224 299.000000
20170225 325.000000
20170226 371.000000
20170227 382.000000
20170228 299.000000
20170301 293.000000
20170302 273.000000
20170303 294.000000
20170304 383.000000
20170305 501.000000
20170306 389.000000
20170307 306.000000
20170308 310.000000
20170309 286.000000
20170310 298.000000
20170311 343.000000
20170312 432.000000
20170313 343.000000
20170314 258.000000
20170315 294.000000
20170316 246.000000
20170317 278.000000
20170318 279.000000
20170319 395.000000
20170320 345.000000
20170321 294.000000
20170322 254.000000
20170323 895.000000
20170324 661.000000
20170325 877.000000
20170326 901.000000
20170327 793.000000
20170328 628.000000
20170329 544.000000
20170330 572.000000
20170331 646.000000
